rollout/ep_len_mean,time/time_elapsed,time/total_timesteps,rollout/ep_rew_mean,time/iterations,time/fps,train/entropy_loss,train/clip_fraction,train/policy_gradient_loss,train/clip_range,train/loss,train/explained_variance,train/approx_kl,train/value_loss,train/n_updates,train/learning_rate
95.0,3,2048,-0.7142857142857143,1,578,,,,,,,,,,
96.85365853658537,8,4096,-0.7073170731707317,2,457,-4.155982045829296,0.0236328125,-0.012942966857372085,0.2,-0.02703968994319439,-1.2698908,0.0054452615,0.038780080668220765,10,0.0001
111.41509433962264,14,6144,-0.6226415094339622,3,427,-4.147288075089454,0.0400390625,-0.011997031875216635,0.2,-0.01303224079310894,-0.037338495,0.0072938,0.030564314998628106,20,0.0001
123.234375,19,8192,-0.625,4,419,-4.130038826167583,0.055810546875,-0.01232024686432851,0.2,-0.010219328105449677,-0.073642015,0.008753883,0.021779587370838273,30,0.0001
137.78378378378378,24,10240,-0.581081081081081,5,414,-4.100417414307595,0.05146484375,-0.012718493658030638,0.2,0.00428132526576519,-0.016787648,0.009174096,0.01877439107229293,40,0.0001
145.55421686746988,29,12288,-0.5662650602409639,6,412,-4.081203852593899,0.0181640625,-0.009187059476971626,0.2,-0.014757197350263596,-0.11456835,0.006053157,0.012559525780670811,50,0.0001
155.77777777777777,34,14336,-0.5444444444444444,7,410,-4.0670174092054365,0.03115234375,-0.011316918368538608,0.2,0.005330176092684269,-0.09792316,0.00784081,0.014077064116645489,60,0.0001
171.41052631578947,40,16384,-0.5263157894736842,8,409,-4.036961925029755,0.056005859375,-0.01237701596255647,0.2,0.004256687127053738,-0.0073924065,0.008605076,0.01037431784097862,70,0.0001
182.11,45,18432,-0.49,9,408,-3.992190807312727,0.02685546875,-0.00902343915804522,0.2,-0.02235228754580021,-0.41823125,0.0060783364,0.0022590465032408247,80,0.0001
198.94,50,20480,-0.43,10,407,-4.009152002632618,0.02548828125,-0.010331169413257157,0.2,-0.010047491639852524,-0.110750556,0.0066041397,0.00924057409956731,90,0.0001
212.32,55,22528,-0.4,11,407,-3.999415407329798,0.014453125,-0.008451691129448591,0.2,-0.005624024197459221,-0.1036526,0.0052314242,0.006117224517947761,100,0.0001
227.28,60,24576,-0.37,12,406,-3.95325982645154,0.05810546875,-0.00861185976464185,0.2,-0.011419396847486496,-0.66875565,0.007713981,0.0021948510540823916,110,0.0001
244.01,65,26624,-0.32,13,405,-3.932302685827017,0.005078125,-0.006137914285500301,0.2,-0.0065559521317481995,-0.08973193,0.0034604128,0.003833619325132531,120,0.0001
256.61,70,28672,-0.23,14,404,-3.933235414326191,0.062890625,-0.009496968812163687,0.2,0.008904163725674152,0.06024301,0.007785326,0.002781720057055281,130,0.0001
270.48,75,30720,-0.19,15,404,-3.941610401123762,0.037060546875,-0.010715567822626327,0.2,-0.0035987417213618755,0.07035756,0.0067552286,0.011118729848749353,140,0.0001
271.37,81,32768,-0.08,16,404,-3.960416915267706,0.0486328125,-0.011502066982211545,0.2,0.017343644052743912,-0.10788357,0.0067521213,0.0066299415473622504,150,0.0001
272.12,86,34816,0.0,17,403,-3.9222595296800136,0.07099609375,-0.01278104129123676,0.2,0.00020115106599405408,0.10405773,0.0075959694,0.01994974533263303,160,0.0001
263.79,91,36864,0.13,18,402,-3.883814151585102,0.06552734375,-0.014323175760910089,0.2,-0.022329486906528473,-0.09239817,0.009065199,0.017528906750703753,170,0.0001
237.09,96,38912,0.29,19,402,-3.8688069246709347,0.0474609375,-0.011671190399647457,0.2,0.0056350212544202805,0.10652435,0.008053706,0.019681139625390642,180,0.0001
169.73,101,40960,0.39,20,402,-3.843365464359522,0.041357421875,-0.012769834773644106,0.2,-0.02657162956893444,0.20167238,0.005367981,0.02210106493803323,190,0.0001
121.44,106,43008,0.43,21,402,-3.829338678717613,0.02314453125,-0.008116663713735761,0.2,0.01885068602859974,0.15446371,0.005685292,0.033649070424144154,200,0.0001
113.77,112,45056,0.5,22,402,-3.8309414431452753,0.05498046875,-0.010028078166942577,0.2,-0.005720897112041712,0.18611252,0.0072728056,0.0285693954967428,210,0.0001
93.91,117,47104,0.54,23,401,-3.8335368402302263,0.089501953125,-0.014590634687920101,0.2,0.01178545132279396,0.46373528,0.00853777,0.014802448199043283,220,0.0001
75.74,122,49152,0.38,24,401,-3.7709833472967147,0.078955078125,-0.012240910607215483,0.2,-0.0040301792323589325,0.45099813,0.0070712664,0.02765735855064122,230,0.0001
54.1,127,51200,0.38,25,401,-3.7812357053160666,0.036572265625,-0.008725075317488517,0.2,0.016175545752048492,0.104081094,0.006590211,0.06300701872678474,240,0.0001
52.34,132,53248,0.46,26,401,-3.730643004924059,0.047607421875,-0.012565445658401586,0.2,-0.018049785867333412,0.2596048,0.00893224,0.04882929150189739,250,0.0001
43.81,137,55296,0.52,27,401,-3.726443111896515,0.028759765625,-0.008670341038668993,0.2,0.017450643703341484,0.37570196,0.006523559,0.04597484010155313,260,0.0001
41.07,142,57344,0.56,28,401,-3.6673811741173266,0.041943359375,-0.008370883768657222,0.2,0.02114911377429962,0.28683764,0.00624056,0.06311326809227466,270,0.0001
42.13,148,59392,0.7,29,400,-3.609221554547548,0.086328125,-0.01373418052244233,0.2,-0.013357294723391533,0.35923636,0.008499644,0.048352002890896986,280,0.0001
35.12,153,61440,0.72,30,400,-3.5712011858820913,0.0875,-0.011684621719177812,0.2,0.019668718799948692,0.49682224,0.008781165,0.03743785423866939,290,0.0001
29.49,158,63488,0.76,31,400,-3.478944383561611,0.122607421875,-0.015071557358896825,0.2,-0.009180434048175812,0.4246922,0.012448741,0.052032977237831804,300,0.0001
25.7,163,65536,0.52,32,399,-3.3785893470048904,0.070361328125,-0.010017446713027312,0.2,-0.002596295438706875,0.37613893,0.007937653,0.05632055861642584,310,0.0001
25.46,169,67584,0.6,33,399,-3.448973572999239,0.043603515625,-0.009379036592144984,0.2,0.07601823657751083,0.20613462,0.007656906,0.10345762096112594,320,0.0001
28.03,174,69632,0.56,34,399,-3.4037641175091267,0.05517578125,-0.007909894667682238,0.2,0.010654149577021599,0.3234887,0.007013086,0.07729288295959122,330,0.0001
23.66,179,71680,0.7,35,399,-3.413190098106861,0.08876953125,-0.012585654369468102,0.2,0.04701364040374756,0.34912348,0.009580538,0.07027386511908844,340,0.0001
22.94,184,73728,0.78,36,398,-3.2768865428864955,0.044580078125,-0.007526909524312941,0.2,0.03825489059090614,0.39807618,0.0074774087,0.06376891769468784,350,0.0001
22.85,190,75776,0.76,37,398,-3.2002338014543055,0.11181640625,-0.014306523821142036,0.2,0.02698560804128647,0.39041144,0.011141138,0.060247296694433315,360,0.0001
23.99,195,77824,0.62,38,398,-3.1725084118545057,0.073583984375,-0.011052291485975729,0.2,-0.03888282552361488,0.44751406,0.010943131,0.05781062947353348,370,0.0001
22.43,200,79872,0.6,39,398,-3.158882163465023,0.032373046875,-0.006252740294439718,0.2,0.023650798946619034,0.21248794,0.005551424,0.09677686125505716,380,0.0001
22.83,205,81920,0.66,40,397,-3.1341387502849103,0.0814453125,-0.012845343176741153,0.2,0.031029867008328438,0.30007458,0.011042792,0.089963354106294,390,0.0001
22.63,211,83968,0.82,41,397,-3.166501997411251,0.0505859375,-0.00704993666295195,0.2,0.06243797019124031,0.2931788,0.0078041772,0.08079295937204733,400,0.0001
23.83,216,86016,0.86,42,397,-3.1274463556706906,0.044384765625,-0.007036410013097338,0.2,0.009749592281877995,0.4634779,0.006216895,0.05128802229883149,410,0.0001
22.01,221,88064,0.84,43,397,-3.1125828422605992,0.075439453125,-0.01031927455769619,0.2,0.015073960646986961,0.3932956,0.00994819,0.05363167528412305,420,0.0001
21.82,226,90112,0.86,44,397,-3.0537524566054346,0.062060546875,-0.008783777747885324,0.2,0.023423805832862854,0.40460777,0.008260937,0.053959474788280205,430,0.0001
23.6,232,92160,0.9,45,396,-3.0291778586804865,0.064208984375,-0.008340114285965683,0.2,-0.0004522893577814102,0.42986906,0.007964292,0.049759858596371484,440,0.0001
25.54,237,94208,0.88,46,396,-3.048989153653383,0.0349609375,-0.006963831679604482,0.2,-0.025300053879618645,0.4855097,0.007301439,0.04372510926332325,450,0.0001
22.76,242,96256,0.86,47,396,-3.0690852157771586,0.0759765625,-0.008468308563169557,0.2,0.009954964742064476,0.5061445,0.0062468527,0.04094810188398697,460,0.0001
23.85,247,98304,0.9,48,396,-3.0515054166316986,0.04912109375,-0.0069391934157465585,0.2,0.04180753976106644,0.3814789,0.0066865245,0.05511603875784203,470,0.0001
22.95,253,100352,0.86,49,396,-2.991779751330614,0.04970703125,-0.00991782308628899,0.2,0.006675969809293747,0.47423267,0.007997718,0.04238658185640816,480,0.0001
23.53,258,102400,0.9,50,396,-3.036446017771959,0.0203125,-0.0048586556695227046,0.2,0.007836593315005302,0.41737527,0.0054236944,0.05151765936170705,490,0.0001
22.91,263,104448,0.9,51,396,-3.0530366510152818,0.039306640625,-0.007680148484359961,0.2,-0.03251088410615921,0.52641773,0.006877834,0.03853479152894579,500,0.0001
20.79,268,106496,0.92,52,396,-3.003780633956194,0.067919921875,-0.010633693533600308,0.2,0.020499486476182938,0.44697678,0.011222669,0.04754044498549774,510,0.0001
22.93,274,108544,0.8,53,395,-2.9648137226700784,0.0376953125,-0.006544594301522011,0.2,0.000699472613632679,0.50343674,0.00666089,0.040521432826062666,520,0.0001
21.37,279,110592,0.76,54,395,-2.9538021497428417,0.0494140625,-0.009190938467509114,0.2,0.023885317146778107,0.3166989,0.009449098,0.07010898554581217,530,0.0001
23.79,284,112640,0.9,55,395,-2.935645405203104,0.072412109375,-0.00947707612576778,0.2,0.015028811991214752,0.31673092,0.01136893,0.07074449649080634,540,0.0001
22.86,289,114688,0.9,56,395,-2.9821740545332434,0.0513671875,-0.009530115335655865,0.2,0.022470824420452118,0.4222815,0.0064565623,0.045092906284844504,550,0.0001
23.32,295,116736,0.84,57,395,-2.9511070378124713,0.04365234375,-0.006624898740847129,0.2,-0.020129837095737457,0.5184113,0.006142263,0.040384382131742315,560,0.0001
22.12,300,118784,0.84,58,395,-2.953799093514681,0.045068359375,-0.00905406773017603,0.2,0.026544898748397827,0.3745287,0.009347748,0.05861269672168419,570,0.0001
22.8,305,120832,0.86,59,395,-2.893559371680021,0.061669921875,-0.009519642676605145,0.2,-0.002741199918091297,0.41068113,0.0072985496,0.05137263090000488,580,0.0001
22.69,310,122880,0.88,60,395,-2.868248226493597,0.042578125,-0.009278150706086308,0.2,0.027325119823217392,0.32282227,0.0077551613,0.058020231412956494,590,0.0001
21.81,316,124928,0.9,61,395,-2.8321482844650747,0.063427734375,-0.01155526351503795,0.2,0.014953321777284145,0.3764732,0.010179732,0.05383381913998164,600,0.0001
22.43,321,126976,0.94,62,395,-2.762479054182768,0.0486328125,-0.006918370637868066,0.2,-0.004460323601961136,0.45980084,0.006985036,0.04678767251898534,610,0.0001
23.33,326,129024,0.94,63,394,-2.7767639622092246,0.04541015625,-0.0071052349681849595,0.2,0.048953887075185776,0.50801206,0.0063652745,0.03947271367069334,620,0.0001
22.41,331,131072,0.8,64,394,-2.83200713917613,0.042822265625,-0.008267416879243683,0.2,0.03453578054904938,0.47455448,0.0058434904,0.039408489537891,630,0.0001
22.54,337,133120,0.84,65,394,-2.893333572894335,0.034521484375,-0.005888744614640018,0.2,0.02278090827167034,0.26246583,0.005425785,0.07318747523822822,640,0.0001
21.3,342,135168,0.84,66,394,-2.875773970782757,0.0244140625,-0.006085703930875752,0.2,0.03647025674581528,0.2905352,0.007855046,0.06454931045882403,650,0.0001
21.68,347,137216,0.9,67,394,-2.878032736480236,0.040869140625,-0.007863685411575717,0.2,0.03574705496430397,0.3971904,0.00813754,0.05254738864605315,660,0.0001
22.36,353,139264,0.92,68,394,-2.886036067456007,0.057080078125,-0.009334492492052959,0.2,-0.012885617092251778,0.45223212,0.008069878,0.04803743890952319,670,0.0001
22.89,358,141312,0.96,69,394,-2.9246689558029173,0.040380859375,-0.009643690280790906,0.2,0.007818516343832016,0.45832473,0.005742103,0.039997201651567595,680,0.0001
22.43,363,143360,0.94,70,394,-2.8637468330562115,0.050830078125,-0.009415536537562729,0.2,-0.017722269520163536,0.554491,0.0059874705,0.03051450756320264,690,0.0001
21.04,368,145408,0.78,71,394,-2.8120264440774916,0.04599609375,-0.008270388343225932,0.2,-0.010125664994120598,0.50012565,0.008735554,0.03877923998516053,700,0.0001
21.84,374,147456,0.9,72,394,-2.8627160266041756,0.07685546875,-0.00960528480791254,0.2,0.03330983966588974,0.32903045,0.007919055,0.07041389910737053,710,0.0001
22.45,379,149504,0.92,73,394,-2.8765804335474967,0.04140625,-0.005912292150605935,0.2,-0.0019822344183921814,0.4149716,0.0043772953,0.049365721072535965,720,0.0001
21.2,384,151552,0.9,74,393,-2.911036658287048,0.043798828125,-0.009122971998294815,0.2,0.010685542598366737,0.45860577,0.00769453,0.04025110331131145,730,0.0001
20.38,389,153600,0.92,75,393,-2.902778411656618,0.093701171875,-0.012269011604075786,0.2,-0.004210334271192551,0.4118209,0.012321377,0.05051054438226856,740,0.0001
22.44,395,155648,0.9,76,393,-2.897520710527897,0.05185546875,-0.00824668752247817,0.2,-0.0045425910502672195,0.4282794,0.006906957,0.04654035326675512,750,0.0001
21.5,400,157696,0.88,77,393,-2.86287584900856,0.037646484375,-0.008055169614090118,0.2,0.018130043521523476,0.38348454,0.00660651,0.0491582453949377,760,0.0001
22.87,405,159744,0.92,78,393,-2.856895573437214,0.018359375,-0.005191780329914764,0.2,-0.01624288596212864,0.36521077,0.0061235493,0.05031054750434123,770,0.0001
22.13,411,161792,0.94,79,393,-2.896037995815277,0.056396484375,-0.009072834145626985,0.2,0.011796541512012482,0.3791734,0.0076390505,0.046995288523612545,780,0.0001
21.99,416,163840,0.92,80,393,-2.9062004715204237,0.08369140625,-0.012291583175829146,0.2,-0.02709915116429329,0.48543948,0.008506069,0.038544622890185565,790,0.0001
22.97,421,165888,0.86,81,393,-2.9421970710158347,0.055517578125,-0.010976911296893377,0.2,0.010336189530789852,0.40114474,0.00762311,0.04630958841007669,800,0.0001
22.34,426,167936,0.84,82,393,-2.926486025750637,0.06630859375,-0.012029597096989164,0.2,0.012954682111740112,0.36369818,0.009928848,0.05935351007501595,810,0.0001
22.4,432,169984,0.96,83,393,-2.9568555518984794,0.06943359375,-0.012695462076226249,0.2,-0.010468615218997002,0.2098099,0.009826906,0.07201296464772895,820,0.0001
21.15,437,172032,0.82,84,393,-2.9463915169239043,0.049169921875,-0.008429298701230437,0.2,0.009699857793748379,0.51954716,0.0072326483,0.03416952587431297,830,0.0001
21.3,442,174080,0.92,85,393,-2.9403112687170507,0.034716796875,-0.007206239277729764,0.2,0.028554392978549004,0.40439665,0.0076261903,0.05898103118524887,840,0.0001
22.02,447,176128,0.94,86,393,-2.9457454718649387,0.0603515625,-0.010381831487757153,0.2,0.009584147483110428,0.42603707,0.0065692086,0.04267869361792691,850,0.0001
21.28,453,178176,0.82,87,393,-2.9240972265601157,0.041650390625,-0.009455010043166113,0.2,-0.01899895630776882,0.5496221,0.008449892,0.030834299040725453,860,0.0001
21.53,458,180224,0.86,88,392,-2.9188996337354185,0.015673828125,-0.004157552931428654,0.2,0.019545402377843857,0.3247174,0.0053728363,0.06660181601182558,870,0.0001
21.92,463,182272,0.96,89,392,-2.9619878396391868,0.064599609375,-0.011454977072571638,0.2,-0.0046014562249183655,0.44046903,0.008621036,0.04747989304596558,880,0.0001
21.16,469,184320,0.92,90,392,-2.9790400587022305,0.04970703125,-0.007342874053574633,0.2,-0.0019153906032443047,0.60313034,0.0062961206,0.030367458882392385,890,0.0001
20.93,474,186368,0.96,91,392,-2.9948824740946294,0.0404296875,-0.006314559512247797,0.2,0.023573625832796097,0.44966948,0.0071226116,0.04482075245468877,900,0.0001
21.93,479,188416,0.88,92,392,-2.9998091593384744,0.034619140625,-0.006595792966254521,0.2,-0.025084618479013443,0.619923,0.0056727277,0.0274300006829435,910,0.0001
22.7,484,190464,0.9,93,392,-3.0196099631488322,0.06806640625,-0.013012955651356605,0.2,0.014975037425756454,0.3591305,0.00843558,0.05524370021885261,920,0.0001
22.54,490,192512,0.9,94,392,-3.0050007782876493,0.070703125,-0.014630603564728516,0.2,0.010413002222776413,0.31638622,0.009233732,0.055754532862920314,930,0.0001
20.02,495,194560,0.82,95,392,-2.990050243586302,0.042822265625,-0.007529141061240807,0.2,-0.012841828167438507,0.44995165,0.0064810943,0.04583052652888,940,0.0001
21.95,500,196608,0.96,96,392,-2.9699507907032965,0.088330078125,-0.010756151246459922,0.2,0.01950688473880291,0.35454905,0.009197762,0.06561739831813611,950,0.0001
22.17,506,198656,0.84,97,392,-2.9248753361403943,0.0533203125,-0.009651242969266605,0.2,0.013195229694247246,0.4768167,0.007925354,0.03638753569975961,960,0.0001
22.31,511,200704,0.94,98,392,-2.921657524257898,0.049072265625,-0.007981048530200496,0.2,0.014477245509624481,0.34394717,0.0062062778,0.06395786138018593,970,0.0001
21.76,516,202752,0.94,99,392,-2.9550323493778707,0.072314453125,-0.009574683055689093,0.2,0.008431220427155495,0.5430467,0.00860028,0.03231479917303659,980,0.0001
22.39,521,204800,0.92,100,392,-2.9223788119852543,0.05576171875,-0.011557714198715985,0.2,0.0030437279492616653,0.48266125,0.00802172,0.037967446725815535,990,0.0001
20.71,527,206848,0.88,101,392,-2.9028992556035518,0.02646484375,-0.007928417716175317,0.2,0.016585353761911392,0.33470553,0.0061482876,0.04902670895680785,1000,0.0001
22.04,532,208896,0.94,102,392,-2.8994277328252793,0.0408203125,-0.009105395108053926,0.2,0.014761684462428093,0.41199386,0.00923623,0.04595149008091539,1010,0.0001
21.07,537,210944,0.88,103,392,-2.942840238660574,0.06884765625,-0.010196440067375079,0.2,-0.018944960087537766,0.44323063,0.009101015,0.042371908988570794,1020,0.0001
20.73,542,212992,0.94,104,392,-2.926800126582384,0.05087890625,-0.00925837141548982,0.2,0.02837427332997322,0.4022838,0.0073612626,0.05292556197964586,1030,0.0001
21.33,548,215040,0.9,105,392,-2.945037442445755,0.046826171875,-0.008249088921002113,0.2,-0.022063422948122025,0.4740395,0.005709982,0.03864709044573829,1040,0.0001
22.35,553,217088,0.88,106,392,-2.9504040122032165,0.0458984375,-0.00782099358693813,0.2,0.016937430948019028,0.43190962,0.0079123285,0.04645614839973859,1050,0.0001
23.9,558,219136,0.84,107,392,-2.963325524330139,0.080029296875,-0.011135368487884989,0.2,0.003530474379658699,0.36709708,0.0071634934,0.05038686754414812,1060,0.0001
21.9,564,221184,0.86,108,392,-2.94412023499608,0.0517578125,-0.010474497204268119,0.2,0.007089873775839806,0.29544628,0.008876043,0.059817712509538976,1070,0.0001
21.47,569,223232,0.86,109,392,-2.9737621687352656,0.05625,-0.010125104588223622,0.2,0.02440233714878559,0.33382624,0.008240426,0.05611905694822781,1080,0.0001
21.46,574,225280,1.0,110,391,-2.9575983665883543,0.0599609375,-0.011331727866490837,0.2,0.016480324789881706,0.34394383,0.008647825,0.06195262857363559,1090,0.0001
21.56,580,227328,0.86,111,391,-2.885413534194231,0.074658203125,-0.010220939642749727,0.2,-0.00745535921305418,0.63769543,0.0071524195,0.023958528827643023,1100,0.0001
21.56,585,229376,0.96,112,391,-2.8906319558620455,0.03828125,-0.007875919291109312,0.2,0.01517205499112606,0.3018089,0.007640155,0.0598216789541766,1110,0.0001
22.0,590,231424,0.9,113,391,-2.900892428308725,0.05400390625,-0.010410634209256387,0.2,0.00030683912336826324,0.453897,0.008465381,0.03440502649755217,1120,0.0001
23.93,596,233472,0.94,114,391,-2.9120628617703916,0.074658203125,-0.01578117796670995,0.2,0.003973301500082016,0.27288163,0.012338577,0.055239208124112336,1130,0.0001
20.36,601,235520,0.86,115,391,-2.963974756747484,0.0765625,-0.012282668442639987,0.2,-0.006137296557426453,0.43498635,0.009392652,0.037321210038498975,1140,0.0001
21.62,606,237568,0.9,116,391,-2.98878016397357,0.0595703125,-0.011474637810169951,0.2,-0.012475484982132912,0.45735002,0.009659365,0.05130806253873743,1150,0.0001
21.01,612,239616,0.9,117,391,-3.019903553277254,0.05673828125,-0.009532137921632966,0.2,0.013147410936653614,0.38588595,0.008459688,0.05227657356590498,1160,0.0001
22.01,617,241664,0.86,118,391,-2.964112298935652,0.05908203125,-0.011673932457051705,0.2,-0.012676399201154709,0.4246242,0.007921133,0.04969166885130107,1170,0.0001
20.74,622,243712,0.88,119,391,-2.9684930853545666,0.039208984375,-0.008050746887602146,0.2,-0.03128620982170105,0.33664846,0.008766543,0.06256954807322472,1180,0.0001
21.62,628,245760,0.96,120,391,-2.953994978964329,0.034814453125,-0.009929078427376226,0.2,0.010166497901082039,0.41584253,0.006326936,0.053555066068656745,1190,0.0001
21.81,633,247808,0.92,121,391,-2.913613846898079,0.05107421875,-0.011204641756194178,0.2,-0.015739239752292633,0.59743387,0.009017596,0.028131629325798713,1200,0.0001
22.86,639,249856,0.86,122,390,-2.964388072490692,0.05869140625,-0.011096189961244817,0.2,0.029968243092298508,0.3908379,0.0071334243,0.047851715330034496,1210,0.0001
20.98,644,251904,0.9,123,390,-2.958871939778328,0.05341796875,-0.011117716242733878,0.2,0.019905708730220795,0.3448456,0.008514046,0.05779832554399036,1220,0.0001
21.32,649,253952,0.94,124,390,-2.989291812479496,0.054052734375,-0.01208801291140844,0.2,-0.00860404409468174,0.44915044,0.0075356625,0.04763182287570089,1230,0.0001
21.43,655,256000,0.84,125,390,-2.9834774218499662,0.05244140625,-0.010877517703920602,0.2,-0.0022492241114377975,0.5532226,0.0065180203,0.0344740910892142,1240,0.0001
22.58,660,258048,0.96,126,390,-2.9405201219022272,0.066015625,-0.010800353132071904,0.2,0.044726911932229996,0.3444832,0.0065754508,0.06255470647010952,1250,0.0001
21.5,665,260096,0.92,127,390,-2.9530706450343134,0.068017578125,-0.013667313658515923,0.2,-0.0040268804877996445,0.55333245,0.0096945735,0.03167389337031636,1260,0.0001
18.91,670,262144,0.96,128,390,-2.9911166854202746,0.056298828125,-0.009744494281767402,0.2,0.007791128475219011,0.40978134,0.0066074384,0.04672328224987723,1270,0.0001
20.74,676,264192,0.9,129,390,-2.9083417803049088,0.09873046875,-0.011670668741862756,0.2,-0.03224865347146988,0.53597075,0.0092706075,0.03722834005020559,1280,0.0001
20.57,681,266240,0.84,130,390,-2.912892869114876,0.069775390625,-0.011533842692733743,0.2,0.00583670474588871,0.47833508,0.008477561,0.04584184181585442,1290,0.0001
22.04,686,268288,0.88,131,390,-2.882896073907614,0.056298828125,-0.010199236961489078,0.2,0.009600608609616756,0.41571546,0.008160293,0.05737285472569056,1300,0.0001
21.53,692,270336,0.92,132,390,-2.862813717871904,0.044873046875,-0.008934297261293977,0.2,-0.012090824544429779,0.3815679,0.0069495197,0.05507760786567815,1310,0.0001
21.26,697,272384,0.86,133,390,-2.872125634551048,0.094921875,-0.013618674530880526,0.2,-0.0017069987952709198,0.48948544,0.012255916,0.042043391574406994,1320,0.0001
20.22,702,274432,0.92,134,390,-2.8751352675259114,0.06318359375,-0.009013848951144609,0.2,0.039495982229709625,0.35247874,0.0069634775,0.0593226523080375,1330,0.0001
21.2,708,276480,0.96,135,390,-2.868060274422169,0.063037109375,-0.011416669138998258,0.2,-0.025071704760193825,0.4360866,0.008791716,0.04700372991501354,1340,0.0001
20.32,713,278528,0.88,136,390,-2.861950358003378,0.044140625,-0.010063115615048445,0.2,0.0004440564662218094,0.545128,0.007811028,0.0325364474701928,1350,0.0001
20.81,718,280576,0.84,137,390,-2.8604368291795255,0.078271484375,-0.012736136423336574,0.2,0.05661135911941528,0.31134903,0.009691,0.05726138330064714,1360,0.0001
21.11,723,282624,0.84,138,390,-2.80147100687027,0.04140625,-0.009509732353035361,0.2,0.059625331312417984,0.28395474,0.006546867,0.06792474571266212,1370,0.0001
21.95,729,284672,0.9,139,390,-2.8174281634390352,0.040380859375,-0.010577406913944288,0.2,0.022855175659060478,0.31438017,0.007930843,0.06431078179157339,1380,0.0001
22.84,734,286720,0.94,140,390,-2.796255588531494,0.049609375,-0.010201827552373288,0.2,0.0200547743588686,0.34309268,0.00916701,0.05543354774126783,1390,0.0001
21.55,739,288768,0.96,141,390,-2.806908879429102,0.032080078125,-0.010524150826677214,0.2,0.009513098746538162,0.45516008,0.006768905,0.04268689193995669,1400,0.0001
20.1,745,290816,0.92,142,390,-2.8095646373927594,0.0541015625,-0.010581065555743407,0.2,0.0039864759892225266,0.5536506,0.006624992,0.03220388298504986,1410,0.0001
21.85,750,292864,0.94,143,390,-2.8202531531453134,0.03291015625,-0.009994048476801253,0.2,0.023509865626692772,0.48094898,0.0068152333,0.043555583877605386,1420,0.0001
21.84,755,294912,0.88,144,390,-2.777627743780613,0.054248046875,-0.00960306022388977,0.2,-0.008893097750842571,0.49659038,0.008834482,0.03933225659420714,1430,0.0001
21.31,760,296960,0.98,145,390,-2.7674692541360857,0.04189453125,-0.008457901367364684,0.2,0.029818782582879066,0.33159584,0.007320625,0.056644281884655354,1440,0.0001
21.92,766,299008,0.92,146,390,-2.7359353050589563,0.037451171875,-0.009251527921878732,0.2,-0.0025208238512277603,0.5430454,0.0064463494,0.027977897025994024,1450,0.0001
20.27,771,301056,0.96,147,390,-2.760780981183052,0.085498046875,-0.015514398168306798,0.2,-0.007493846118450165,0.32857555,0.012062527,0.049980557878734545,1460,0.0001
21.52,776,303104,0.9,148,390,-2.7177115879952907,0.04833984375,-0.010113870116765612,0.2,0.008582673966884613,0.51985526,0.008024854,0.03357372261525597,1470,0.0001
20.77,782,305152,0.96,149,390,-2.6841990858316422,0.076220703125,-0.012606386929110158,0.2,-0.01118767261505127,0.34070957,0.007962566,0.055124400660861286,1480,0.0001
21.98,787,307200,0.86,150,390,-2.6740955740213392,0.08330078125,-0.0129464285026188,0.2,-0.026020094752311707,0.59320986,0.010025304,0.02952243339677807,1490,0.0001
20.62,792,309248,0.86,151,390,-2.67468099668622,0.033984375,-0.010583499491622206,0.2,0.019833847880363464,0.18829292,0.0056005837,0.07029360898886808,1500,0.0001
20.15,797,311296,0.88,152,390,-2.6111393101513385,0.05791015625,-0.011604424958932213,0.2,0.024214470759034157,0.3882162,0.008442212,0.055501621711300686,1510,0.0001
21.2,803,313344,0.9,153,390,-2.654669736325741,0.03818359375,-0.010003634667373262,0.2,0.02924722619354725,0.36608034,0.0077206735,0.05629539103829302,1520,0.0001
21.7,808,315392,0.9,154,390,-2.601313529163599,0.049560546875,-0.007956904952879994,0.2,0.01832149177789688,0.43978602,0.0073978966,0.04820744997705333,1530,0.0001
21.36,813,317440,0.86,155,390,-2.625842648744583,0.033740234375,-0.007248451914347242,0.2,0.014457461424171925,0.3797745,0.007677501,0.05072048745059874,1540,0.0001
20.9,819,319488,0.9,156,390,-2.6442027263343335,0.0546875,-0.009006214280816494,0.2,0.03280845284461975,0.43454915,0.00823432,0.05154473542352207,1550,0.0001
20.88,824,321536,0.96,157,390,-2.6456821650266646,0.089306640625,-0.01249021546827862,0.2,-0.02068238891661167,0.44570428,0.010437958,0.04698745934292674,1560,0.0001
20.52,829,323584,0.94,158,390,-2.6045835077762605,0.07431640625,-0.012736995524028316,0.2,0.015061141923069954,0.56343985,0.0076527437,0.03327263498213142,1570,0.0001
22.98,834,325632,0.9,159,390,-2.5970165476202967,0.07451171875,-0.01218112909264164,0.2,0.00812847726047039,0.43271583,0.0077000703,0.04104242255561985,1580,0.0001
21.26,840,327680,0.98,160,390,-2.604144364595413,0.07607421875,-0.013532080184086226,0.2,0.0005913861095905304,0.31770658,0.007871206,0.05694921168033033,1590,0.0001
20.43,845,329728,0.94,161,389,-2.5876740999519825,0.061767578125,-0.011258042183908402,0.2,-0.002237122505903244,0.578635,0.009644274,0.026875126617960633,1600,0.0001
19.8,850,331776,1.0,162,389,-2.5684234105050563,0.03349609375,-0.008426726468314882,0.2,-0.011643115431070328,0.58305997,0.006049736,0.034489831182872875,1610,0.0001
19.15,856,333824,0.9,163,389,-2.56130194067955,0.03974609375,-0.010417179146315902,0.2,-0.004909802228212357,0.5925173,0.0064795227,0.02640028124442324,1620,0.0001
19.71,861,335872,0.96,164,389,-2.5188059635460376,0.050830078125,-0.009968169653438963,0.2,0.009318308904767036,0.4323349,0.0070191044,0.04832654288620688,1630,0.0001
18.69,866,337920,0.94,165,389,-2.5320965588092803,0.035498046875,-0.00988087800287758,0.2,0.014195829629898071,0.54872656,0.0071069417,0.031136921199504286,1640,0.0001
19.81,871,339968,0.92,166,389,-2.5413288615643976,0.05654296875,-0.010897166431095683,0.2,-0.019853580743074417,0.56071705,0.007583193,0.03410727914306335,1650,0.0001
19.92,877,342016,0.94,167,389,-2.5498929537832735,0.066064453125,-0.013519800013455097,0.2,-0.010679852217435837,0.4320637,0.009375753,0.045890280860476196,1660,0.0001
21.2,882,344064,1.0,168,389,-2.518143569678068,0.052099609375,-0.011060242383973674,0.2,0.014715809375047684,0.47336203,0.0075324243,0.04227196119027212,1670,0.0001
21.01,887,346112,0.94,169,389,-2.467337352782488,0.06494140625,-0.01258266696240753,0.2,0.016093283891677856,0.65086704,0.008655023,0.02184508275531698,1680,0.0001
19.35,893,348160,0.94,170,389,-2.4299975886940954,0.048486328125,-0.008214138959738193,0.2,0.00638219341635704,0.41445524,0.005062269,0.04638882004073821,1690,0.0001
20.46,898,350208,0.88,171,389,-2.3870339192450047,0.042626953125,-0.009208681988093303,0.2,0.0008437391370534897,0.49695355,0.0066936603,0.04030160710390192,1700,0.0001
20.16,903,352256,0.98,172,389,-2.414086090773344,0.0501953125,-0.009967842628248036,0.2,0.06510021537542343,0.2711767,0.007345275,0.06141083021648228,1710,0.0001
20.6,909,354304,0.9,173,389,-2.3768761828541756,0.066796875,-0.013439660881704184,0.2,-0.008691588416695595,0.40268695,0.009620584,0.037798104720423,1720,0.0001
20.01,914,356352,0.88,174,389,-2.359756214171648,0.047314453125,-0.01030442772898823,0.2,0.07038351148366928,0.34368336,0.0059231548,0.05527089193928987,1730,0.0001
21.12,919,358400,0.92,175,389,-2.33206031024456,0.049560546875,-0.009576615910918917,0.2,0.03627371788024902,0.33531493,0.006051154,0.06088760288548656,1740,0.0001
20.89,924,360448,0.98,176,389,-2.4044669918715953,0.047265625,-0.009780401023454033,0.2,0.005450179800391197,0.30907327,0.005183979,0.051841198047623036,1750,0.0001
19.58,930,362496,0.94,177,389,-2.3426894582808018,0.035107421875,-0.008487879858876113,0.2,0.021980928257107735,0.5507417,0.005149317,0.03112073421361856,1760,0.0001
19.97,935,364544,0.9,178,389,-2.3750696130096913,0.0654296875,-0.011486141583009157,0.2,0.005202792584896088,0.3842451,0.009401552,0.049997081002220514,1770,0.0001
20.32,940,366592,0.96,179,389,-2.3386416152119636,0.036572265625,-0.0092605707119219,0.2,0.02479897439479828,0.38252735,0.0069360742,0.05318581029423512,1780,0.0001
19.07,946,368640,0.92,180,389,-2.3697210378944873,0.056787109375,-0.011273691040696577,0.2,-0.006044255569577217,0.46666163,0.009697957,0.037556814873823896,1790,0.0001
18.82,951,370688,0.96,181,389,-2.3954048223793505,0.058740234375,-0.012018858698866097,0.2,-0.012918096035718918,0.43553716,0.008181199,0.050303767010336745,1800,0.0001
21.12,956,372736,0.96,182,389,-2.408987879753113,0.050732421875,-0.010159753331390676,0.2,-0.018954893574118614,0.5537367,0.006420586,0.03256959689897485,1810,0.0001
20.56,962,374784,0.96,183,389,-2.3149739228188992,0.022998046875,-0.00805776215638616,0.2,-0.004817254841327667,0.5105169,0.004704166,0.03642656541778706,1820,0.0001
20.49,967,376832,0.98,184,389,-2.471672961115837,0.057421875,-0.010661932415678166,0.2,-0.002593608573079109,0.48893166,0.007879298,0.03787006964557804,1830,0.0001
20.03,972,378880,0.96,185,389,-2.4023977875709535,0.04248046875,-0.009185428314958699,0.2,-0.0032831206917762756,0.55070674,0.0058672773,0.03147429610835388,1840,0.0001
20.16,978,380928,0.92,186,389,-2.313260531425476,0.038720703125,-0.01075631603525835,0.2,0.009509678930044174,0.5178735,0.007268532,0.03591798470879439,1850,0.0001
20.91,983,382976,0.98,187,389,-2.4173016063869,0.039990234375,-0.010571856387832668,0.2,0.04207214340567589,0.37334883,0.0075592194,0.04973417911678553,1860,0.0001
19.47,988,385024,0.92,188,389,-2.384770018607378,0.04794921875,-0.011533473862800746,0.2,-0.044181372970342636,0.49530447,0.008259658,0.03522712522535585,1870,0.0001
19.43,994,387072,0.94,189,389,-2.403867448866367,0.06708984375,-0.011178757913876325,0.2,-0.0018905028700828552,0.36621273,0.0072963582,0.05117015403229743,1880,0.0001
19.93,999,389120,0.96,190,389,-2.3543649926781653,0.093994140625,-0.016335133217216934,0.2,-0.01877226121723652,0.4861849,0.011262497,0.04037880697287619,1890,0.0001
20.96,1004,391168,0.88,191,389,-2.314607384055853,0.03701171875,-0.009799801708868471,0.2,-0.01045535784214735,0.5023178,0.0064594145,0.038658680306980386,1900,0.0001
19.82,1010,393216,0.98,192,389,-2.2954313099384307,0.049560546875,-0.010450926591875031,0.2,-0.006598848849534988,0.35960126,0.0075910124,0.056122241367120296,1910,0.0001
19.27,1015,395264,1.0,193,389,-2.3293110631406306,0.041552734375,-0.008919614924525376,0.2,0.005436320789158344,0.49920404,0.005577891,0.03356199827394448,1920,0.0001
18.75,1020,397312,1.0,194,389,-2.3331348158419134,0.045361328125,-0.009855972982768435,0.2,0.016975045204162598,0.6293863,0.00648556,0.024297089769970626,1930,0.0001
19.58,1025,399360,0.96,195,389,-2.3100377932190894,0.07744140625,-0.01458852447976824,0.2,0.029620762914419174,0.6500945,0.010250206,0.02195094628841616,1940,0.0001
20.11,1031,401408,0.88,196,389,-2.304294069856405,0.02548828125,-0.006956269284273731,0.2,-0.0021427758038043976,0.52041376,0.005171206,0.035307005446520635,1950,0.0001
20.0,1036,403456,0.92,197,389,-2.357423842698336,0.084326171875,-0.014297668704239186,0.2,0.015985598787665367,0.28666753,0.012433499,0.06469966727891005,1960,0.0001
18.55,1041,405504,0.98,198,389,-2.3613777667284013,0.06484375,-0.011675103074958315,0.2,0.01757337898015976,0.4210912,0.006840295,0.0452667101402767,1970,0.0001
18.5,1047,407552,0.92,199,389,-2.2573684766888618,0.081103515625,-0.012257038088864646,0.2,-0.028987085446715355,0.6534998,0.008757287,0.02411697834613733,1980,0.0001
19.35,1052,409600,0.94,200,389,-2.2800352871418,0.052783203125,-0.010355646943207831,0.2,-0.020477160811424255,0.43615156,0.009166559,0.04520538606448099,1990,0.0001
21.04,1057,411648,0.94,201,389,-2.2497407302260397,0.063134765625,-0.011621870369708631,0.2,-0.011910852044820786,0.48756838,0.009277327,0.0379143487138208,2000,0.0001
19.92,1062,413696,0.94,202,389,-2.251457668095827,0.04267578125,-0.009529925954848296,0.2,-0.017273040488362312,0.41879082,0.008556852,0.04478931753546931,2010,0.0001
19.14,1068,415744,0.88,203,389,-2.2900871515274046,0.0306640625,-0.008656821355543798,0.2,-0.01757410354912281,0.44797438,0.0066237417,0.0436246772937011,2020,0.0001
19.18,1073,417792,0.98,204,389,-2.3012739419937134,0.091552734375,-0.015789791626593795,0.2,0.022123223170638084,0.22203761,0.008280249,0.06959935738123021,2030,0.0001
19.83,1078,419840,0.92,205,389,-2.271580845862627,0.027783203125,-0.007652934763609664,0.2,0.006563890725374222,0.3745566,0.005784564,0.04087556321755983,2040,0.0001
19.07,1084,421888,0.94,206,389,-2.2506723269820212,0.03046875,-0.008605765714310109,0.2,0.019696101546287537,0.39646834,0.0063019814,0.04965843057725579,2050,0.0001
20.23,1089,423936,0.86,207,389,-2.2567522287368775,0.054638671875,-0.011943846697977278,0.2,0.00025407038629055023,0.4808966,0.008676347,0.04079301002784632,2060,0.0001
20.59,1094,425984,0.96,208,389,-2.335543864220381,0.059814453125,-0.010273247511941008,0.2,0.04627889022231102,0.25717074,0.009424442,0.0682364976790268,2070,0.0001
19.91,1099,428032,0.98,209,389,-2.333928597718477,0.03125,-0.008461292579886504,0.2,0.002083979547023773,0.4482708,0.0062574074,0.0404677145939786,2080,0.0001
18.84,1105,430080,0.96,210,389,-2.281368117034435,0.05703125,-0.013164440842228942,0.2,0.01807502657175064,0.58314145,0.007314462,0.03001235372503288,2090,0.0001
19.74,1110,432128,0.86,211,389,-2.3059188194572924,0.05888671875,-0.010164744946814607,0.2,0.019221872091293335,0.5844699,0.00839613,0.03168803180451505,2100,0.0001
20.62,1115,434176,0.86,212,389,-2.3265552528202535,0.044091796875,-0.009784088054584573,0.2,0.013963073492050171,0.32367992,0.0073769055,0.06358549944707192,2110,0.0001
19.65,1121,436224,1.0,213,389,-2.296798578649759,0.049853515625,-0.008457318623550236,0.2,-0.011534305289387703,0.3328762,0.007702081,0.060822956718038765,2120,0.0001
18.21,1126,438272,0.98,214,389,-2.3356129437685014,0.05849609375,-0.01270485561035457,0.2,-0.005145120434463024,0.62978643,0.010211656,0.02455930240394082,2130,0.0001
17.81,1131,440320,0.88,215,389,-2.3100998431444166,0.051513671875,-0.00976232234534109,0.2,-0.006266331300139427,0.573905,0.007829616,0.029448204644722864,2140,0.0001
18.81,1137,442368,0.92,216,389,-2.289729577302933,0.03330078125,-0.008972349634859711,0.2,0.0005947351455688477,0.40880615,0.005694166,0.05315694622113369,2150,0.0001
20.2,1142,444416,0.88,217,389,-2.2784451745450496,0.073486328125,-0.015401507757633225,0.2,0.015365800820291042,0.40850705,0.010940217,0.049892307759728284,2160,0.0001
18.73,1147,446464,0.98,218,389,-2.3126874171197414,0.07001953125,-0.012630414210434537,0.2,0.0157233327627182,0.3029548,0.008365091,0.0552904239622876,2170,0.0001
19.17,1152,448512,0.98,219,389,-2.2481507010757924,0.038671875,-0.009897607765742578,0.2,-0.008227907121181488,0.5623405,0.008228706,0.03127189655788243,2180,0.0001
19.13,1158,450560,0.96,220,389,-2.245498131215572,0.05048828125,-0.010485849172982852,0.2,0.018478449434041977,0.58755016,0.006385334,0.02800432304502465,2190,0.0001
19.66,1163,452608,0.94,221,388,-2.2235742770135403,0.041552734375,-0.010449359545600601,0.2,0.014695307239890099,0.5135889,0.009017405,0.036572897512814964,2200,0.0001
18.47,1168,454656,1.0,222,388,-2.26438719779253,0.04443359375,-0.0120719902930432,0.2,-0.005751855671405792,0.4439606,0.005277214,0.04362940170103684,2210,0.0001
18.54,1174,456704,0.98,223,388,-2.239388208091259,0.030810546875,-0.007583051561232424,0.2,-0.029835019260644913,0.6155202,0.005079453,0.0249761695304187,2220,0.0001
18.06,1179,458752,0.94,224,388,-2.202549359947443,0.042041015625,-0.007624871241569053,0.2,0.0001021120697259903,0.469508,0.005884265,0.037829763890476896,2230,0.0001
18.68,1184,460800,0.94,225,388,-2.178002895414829,0.05419921875,-0.011756588947901037,0.2,-0.014172125607728958,0.4987347,0.009594259,0.03940242752432823,2240,0.0001
17.65,1190,462848,0.92,226,388,-2.0993543013930323,0.031787109375,-0.007485221142997034,0.2,-0.005475318059325218,0.4510709,0.0042937035,0.04269219249836169,2250,0.0001
17.96,1195,464896,0.96,227,388,-2.114968112483621,0.0603515625,-0.012176696650567465,0.2,-0.026321977376937866,0.41115868,0.0074072173,0.051120977237587795,2260,0.0001
19.15,1200,466944,0.96,228,388,-2.117400458455086,0.04599609375,-0.009745638785534538,0.2,0.018377862870693207,0.40171993,0.0068547223,0.0491333226847928,2270,0.0001
21.57,1205,468992,0.94,229,388,-2.092211913689971,0.05458984375,-0.010547407911508344,0.2,-0.005344043485820293,0.5529274,0.009584461,0.03562830549781211,2280,0.0001
18.02,1211,471040,0.98,230,388,-2.1976643189787866,0.052685546875,-0.009842050020233728,0.2,0.0018294285982847214,0.38771927,0.006288332,0.045984449941897765,2290,0.0001
18.61,1216,473088,0.98,231,388,-2.164598013833165,0.05751953125,-0.01014862973097479,0.2,0.006385140120983124,0.56299436,0.007824628,0.030950416819541714,2300,0.0001
21.51,1221,475136,0.96,232,388,-2.154567277058959,0.04892578125,-0.010844475029443856,0.2,0.0226079560816288,0.4864859,0.009916127,0.03613063694210723,2310,0.0001
18.72,1227,477184,0.98,233,388,-2.1486025393009185,0.065966796875,-0.014265583295491524,0.2,-0.01111634448170662,0.46639884,0.007897495,0.0369898101198487,2320,0.0001
18.86,1232,479232,0.96,234,388,-2.0840637519955636,0.051806640625,-0.011347322058281862,0.2,0.005480640567839146,0.5561937,0.0070967916,0.030329668865306303,2330,0.0001
17.8,1237,481280,0.98,235,388,-2.111208411306143,0.059716796875,-0.010890910623129458,0.2,0.009802224114537239,0.4677745,0.011016764,0.036868886247975755,2340,0.0001
17.94,1242,483328,0.98,236,388,-2.0306931056082247,0.05078125,-0.00990455768769607,0.2,0.011700345203280449,0.48012972,0.008799305,0.03553902629064396,2350,0.0001
20.43,1248,485376,0.9,237,388,-1.9853125475347042,0.05673828125,-0.012088476802455261,0.2,-0.005341432057321072,0.57859474,0.0080213025,0.026955229908344334,2360,0.0001
21.28,1253,487424,0.96,238,388,-2.0046656232327225,0.042138671875,-0.008762463738094084,0.2,0.024420779198408127,0.31501198,0.008360207,0.05844715585699305,2370,0.0001
18.8,1258,489472,0.96,239,388,-2.104464115947485,0.033544921875,-0.005719084143493092,0.2,-0.010229025036096573,0.49768734,0.005381041,0.033621706260601056,2380,0.0001
19.56,1264,491520,0.9,240,388,-2.06085191257298,0.052294921875,-0.009829001258185598,0.2,-0.0034166481345891953,0.516999,0.0055889096,0.03805326725705527,2390,0.0001
18.53,1269,493568,0.94,241,388,-2.041922840103507,0.065771484375,-0.01119326900516171,0.2,0.06938566267490387,0.42790455,0.009104679,0.05090173141215928,2400,0.0001
18.69,1274,495616,1.0,242,388,-2.028029502928257,0.033154296875,-0.008153319907432888,0.2,-0.009530294686555862,0.4265908,0.006144205,0.04743972075521015,2410,0.0001
18.72,1280,497664,0.9,243,388,-2.0151646733283997,0.044775390625,-0.009967227220477071,0.2,0.0029374342411756516,0.6549406,0.0069673816,0.02254036655649543,2420,0.0001
19.18,1285,499712,0.9,244,388,-1.9988400455564261,0.035693359375,-0.00911547715368215,0.2,0.024378661066293716,0.38295352,0.007528664,0.055948550693574364,2430,0.0001
19.29,1290,501760,0.9,245,388,-1.9461086954921485,0.0474609375,-0.008468376229575369,0.2,0.016297470778226852,0.43724507,0.0068715056,0.04977783487120178,2440,0.0001
